1 6 7394 9284 11267 9310 3342 11293 
1 4 11293 3359 3242 3379 
1 2 3242 385 
1 7 540 9562 9484 6351 11471 9239 6103 
1 3 9458 507 9239 
1 3 3501 13070 6103 
1 2 11471 3369 
1 3 3369 6378 377 
1 3 6378 7239 9297 
1 3 9239 6270 9297 
1 2 6103 11374 
1 3 11374 221 271 
1 6 377 253 6301 3301 3205 6384 
1 3 6384 6318 9315 
1 4 9297 11345 6237 9315 
1 5 11374 296 9322 364 11382 
1 3 9315 11382 11297 
1 8 6384 6335 6399 11332 219 11218 6320 6395 
2 8 9315 9379 9332 11270 351 11299 11378 9392 
1 4 6395 3273 9383 9392 
1 2 9383 6300 
1 3 6300 3150 11136 
1 5 9383 6385 159 11306 9075 
1 6 6880 9765 3866 980 970 11805 
1 5 11805 3861 799 6924 9817 
1 7 1048 7183 7098 6954 931 9925 13230 
1 6 13230 9877 3926 844 924 11805 
1 5 9979 10009 4182 13231 7183 
1 4 4135 7153 10094 13231 
1 3 13231 1178 875 
1 2 4182 875 
1 5 10009 7198 1176 747 12038 
1 4 875 879 3810 6948 
1 3 9925 985 6948 
1 7 1176 1090 10111 950 12081 9778 13229 
1 3 6948 6800 13229 
1 4 13229 13224 9767 3938 
1 8 13230 9839 11756 9917 3845 939 3794 3938 
1 5 12038 4065 10109 10024 4098 
1 4 10024 1093 9903 832 
1 2 4098 1093 
1 6 832 942 9852 9757 6914 3938 
1 4 4098 9889 6959 6906 
1 7 6906 9896 6817 3873 6966 6812 9764 
1 6 6906 3799 3891 3945 11742 9852 
1 5 3945 9933 948 11737 3816 
1 3 6966 3954 3816 
1 7 3938 6993 9785 11766 813 6878 3816 
1 3 11756 13221 6867 
1 5 6867 874 845 889 9817 
1 6 9817 11673 6734 9689 11710 758 
1 3 6734 9686 11677 
1 4 11677 11692 6955 758 
1 5 11825 918 3727 11840 11677 
1 4 6867 3874 9846 11825 
1 4 3938 977 3820 9846 
1 7 11825 4024 3920 6746 726 3729 11707 
1 5 11707 6749 9703 11688 740 
1 3 11825 6936 885 
1 4 885 11852 13233 740 
1 5 3816 6878 3887 884 885 
1 5 3816 9813 11793 11821 915 
1 3 740 6756 743 
1 3 9764 854 9824 
1 4 9824 9853 3946 6960 
1 4 6960 6917 3915 6766 
2 4 6766 9882 11697 743 
1 5 743 9710 6777 6762 9737 
2 6 6766 11702 6775 11720 11565 9737 
1 4 9909 3928 911 11834 
2 5 11834 11849 11877 9898 6960 
2 7 6960 6962 760 6770 9732 9748 3594 
2 3 3594 11794 6613 
2 6 6613 3589 6784 6609 9745 6780 
2 6 11834 11875 11713 762 780 3589 
2 4 6775 9734 3771 620 
1 6 9737 11565 9597 595 3598 620 
1 4 595 629 11596 3671 
2 4 6657 655 3659 11596 
2 5 620 3626 651 669 3671 
2 6 620 6618 9593 11576 9607 3594 
1 3 6536 9510 11465 
2 6 11465 9867 11613 9478 9492 3671 
2 4 9492 11631 3493 512 
2 6 3594 9609 667 9644 6518 512 
2 5 6613 11794 648 817 3652 
2 5 3652 9642 6698 698 678 
2 3 3652 680 9490 
2 4 9490 6949 11518 11506 
2 5 6698 9658 6531 3533 9490 
2 3 678 6529 9503 
2 4 9503 3629 11502 9559 
2 2 9503 11516 
2 5 11516 9505 6545 551 6949 
2 6 3552 3758 6548 9525 11508 9495 
2 8 9495 527 3523 3509 3534 6547 9523 11506 
2 4 512 11491 9725 11506 
2 8 11506 9523 3549 9578 6599 11535 3579 6449 
2 2 9578 9434 
2 5 11506 9534 6569 11563 485 
2 7 11506 9534 6585 11420 3476 9500 11548 
2 3 11518 11549 13011 
2 3 11549 9561 6585 
2 2 13011 9472 
1 2 9559 6583 
1 4 9472 13081 3516 516 
1 4 516 9536 3576 11483 
1 2 516 6560 
1 5 11773 11874 11824 9772 6891 
1 5 516 13068 11519 11562 6469 
3 6 516 6598 11419 3262 9498 3211 
3 2 3211 391 
1 3 391 68 3314 
3 3 391 6241 9363 
1 5 6241 6286 6336 9335 11318 
1 2 9559 11531 
2 6 11531 3423 11494 3547 587 6469 
2 4 6583 11435 11470 11494 
1 4 11531 11547 11560 6488 
3 4 6488 9486 6444 11494 
2 6 3692 6542 3530 3558 563 11531 
1 3 3692 11640 663 
3 3 3530 9517 11499 
1 4 3692 3679 6934 9655 
1 3 9655 3690 11499 
1 4 9655 11638 6693 692 
1 4 692 3705 708 11499 
1 3 692 9652 707 
1 3 692 11653 9515 
1 4 707 3688 6725 9515 
1 4 9665 3703 9681 9515 
2 4 9515 3299 561 11544 
2 4 11499 9545 11529 11544 
2 6 11544 9416 6421 11445 3397 6488 
1 4 9517 6568 589 6488 
1 4 9416 586 424 3585 
2 5 9416 3474 482 9497 3535 
1 3 3535 11481 514 
1 6 11542 9429 11401 3514 573 514 
1 3 3585 9421 11542 
1 6 6488 3524 11533 6549 9524 3561 
3 4 495 9443 3524 6488 
1 2 6469 495 
1 3 11494 6570 6469 
2 3 6469 3512 9363 
1 8 6469 3512 6622 11346 9281 11264 336 241 
1 7 495 6535 11233 11388 247 309 3326 
1 2 241 3326 
1 4 3326 6349 6325 9347 
1 3 6325 6263 6377 
1 3 6377 3271 3326 
1 5 6377 3395 405 9509 6535 
1 5 6549 564 6513 11493 6377 
3 5 3561 425 11468 6487 3522 
1 3 3535 6582 425 
1 2 6582 6487 
1 4 3522 9375 526 6377 
1 4 9347 3368 3231 11366 
1 3 9347 6257 6389 
1 4 9347 9320 11305 321 
1 5 3522 9238 9264 9294 11305 
1 2 9294 9320 
1 4 3522 9456 3499 6521 
3 4 514 6441 9428 6521 
2 5 6521 375 11219 11276 321 
2 5 321 9388 3340 349 6282 
3 4 6521 11444 3312 349 
3 3 6521 11505 9496 
3 5 9496 3572 6595 552 9570 
2 3 9570 9511 11467 
1 4 9496 537 9252 11260 
2 6 6282 6334 9334 9361 11372 11343 
1 3 11343 9263 362 
1 5 11260 11288 334 389 362 
1 4 6583 9418 9444 3516 
1 3 11548 3536 11483 
1 3 663 9638 9620 
1 2 9638 678 
1 3 663 11604 11601 
1 3 11601 9618 9620 
1 5 663 11623 661 658 9600 
1 3 11366 332 399 
1 4 6287 6393 3260 3325 
1 3 3325 3277 399 
1 2 3277 6364 
1 3 6364 6235 394 
1 4 9665 11651 704 11666 
1 4 9648 9679 6690 11666 
1 2 9679 11651 
1 3 9679 6687 3673 
1 8 11666 704 6552 543 9541 6592 6418 3585 
1 2 3569 6562 
1 5 6562 6485 445 583 9429 
1 5 11666 6739 3718 557 3569 
1 5 11539 9551 6590 3583 6562 
1 4 11666 6739 3700 9692 
1 4 9692 541 11522 11539 
1 4 11539 581 3550 3581 
1 6 746 3548 11691 6586 6604 3581 
1 4 9909 11891 3772 6788 
1 5 6788 771 11723 11730 6780 
1 3 3780 776 11730 
1 4 776 6635 636 9618 
1 3 9600 9584 3780 
1 4 3780 6790 3773 6788 
1 4 6788 6973 6946 11833 
1 4 11833 6875 6862 11751 
1 3 11751 9904 11846 
1 4 11846 923 9826 819 
1 8 9990 12066 3901 10027 3968 851 955 819 
1 3 12066 12098 3901 
1 4 10027 9856 11837 11998 
1 4 11837 9784 6843 883 
1 3 819 11803 883 
1 4 883 6939 3966 6831 
1 4 9904 9794 11790 925 
1 3 6831 9838 925 
1 4 925 967 9924 782 
1 4 6862 9750 910 9907 
1 4 9907 11889 6985 6606 
1 2 782 6606 
1 3 6606 9752 6790 
1 4 3780 773 11734 6606 
1 6 11734 603 3604 11598 656 11615 
1 2 3604 11584 
1 4 6606 6793 9582 11584 
1 3 11584 628 6626 
1 3 6626 599 11564 
1 5 3673 6673 9613 11595 6626 
1 3 628 3657 6673 
1 3 11615 11618 673 
1 4 673 11634 3675 688 
1 3 688 3684 9665 
1 5 673 9633 6678 6680 11623 
1 2 4014 4159 
1 5 4159 1156 3857 10074 7059 
1 9 4109 3988 1109 976 863 6930 3844 10163 11818 
1 4 6923 3937 3908 949 
1 9 949 3971 3952 3796 9610 6842 9769 649 9783 
1 4 11818 3526 3833 3882 
1 4 3882 11832 9906 9602 
1 4 949 935 11868 9602 
1 4 6940 9890 6970 9602 
1 3 11767 3884 9914 
1 2 13255 9914 
1 4 9602 11887 11583 11586 
1 4 11586 11580 3617 619 
1 5 619 11577 9595 624 11581 
1 3 11581 3592 3601 
1 3 3601 13252 11564 
1 3 6626 599 9627 
1 3 11581 6650 9627 
1 5 6650 3654 596 9646 9648 
1 4 3924 984 591 3601 
1 2 3924 3943 
1 5 619 3623 6670 11625 9660 
1 7 11581 11594 9624 6685 682 6703 9660 
1 5 9660 11663 9676 6720 3700 
1 3 541 11679 9660 
1 5 3696 11659 699 684 9660 
1 4 3696 713 9687 746 
1 2 3696 6711 
1 8 6711 693 3694 6679 11605 6695 660 3663 
1 2 9617 3663 
1 8 3663 660 3639 637 3645 6667 11592 9606 
1 3 3617 11787 9606 
1 3 9617 11603 657 
1 6 3663 9651 11652 9701 6747 3741 
1 3 6747 723 3707 
1 4 3741 3728 6761 9548 
1 6 9548 3743 9425 6460 6483 11479 
2 4 11479 491 11427 438 
1 8 11479 9468 6522 466 3410 442 11413 9427 
1 3 9427 13205 6464 
1 2 6464 11467 
1 2 6464 6590 
1 3 3583 9457 11467 
2 6 9508 493 9439 9532 17 6558 
2 6 6558 388 11232 279 3324 389 
1 3 6332 11265 348 
1 3 6375 11245 6332 
1 3 6332 6402 3380 
1 3 6332 395 3384 
2 3 395 266 11386 
1 2 3380 362 
1 7 3380 3351 6347 6321 6259 6567 524 
1 3 3544 524 402 
2 3 9508 9400 3544 
1 5 9508 548 3230 3295 3324 
1 3 9439 3381 279 
2 6 6464 506 3586 584 11428 493 
2 5 9427 11430 6416 467 3544 
1 2 6416 3458 
1 2 467 3458 
1 3 3458 3559 11399 
1 5 11479 536 11507 6580 11399 
1 5 11399 6580 422 513 572 
1 2 536 422 
1 4 572 474 11503 560 
2 4 422 11441 6546 3392 
1 3 3392 9544 402 
1 4 3559 3521 12562 524 
2 3 3392 290 11301 
2 3 11301 11329 11386 
2 6 11301 347 3281 6306 3309 9304 
1 5 347 13206 3393 9274 3320 
1 3 3320 9295 11342 
1 5 3320 6340 277 3267 11370 
1 4 9304 9236 11216 11370 
1 5 572 6435 11543 3470 6593 
2 4 438 462 6429 476 
1 4 476 9533 11514 6593 
1 3 3320 327 6296 
1 4 3384 11312 3272 6296 
1 4 6296 6360 6229 9483 
1 3 9483 3354 6314 
1 3 6314 3288 348 
1 6 11670 741 754 9576 9423 476 
1 4 3707 11686 754 3757 
1 5 3757 3575 6597 409 3452 
2 5 476 9481 11490 504 525 
2 5 3452 458 11454 3494 504 
1 6 6593 441 9568 3507 6319 6373 
1 3 6373 6344 9288 
1 4 6344 11355 9371 11230 
2 11 525 11557 6532 3480 9506 3542 9566 3225 288 3306 3335 
1 3 9288 546 9506 
1 5 6373 3350 386 216 11370 
1 7 11370 294 11322 3331 11220 11290 306 
1 6 6373 3378 9289 3331 9241 11241 
1 4 11241 323 6293 11234 
1 6 11234 248 320 9234 11109 117 
1 4 117 6197 6174 3151 
1 7 11202 11097 3053 6139 181 11080 6174 
1 3 181 3120 126 
1 5 11234 9287 3235 6264 11349 
3 6 6380 11282 9302 366 11326 11349 
3 11 11326 3215 226 9333 110 6086 6035 9164 11068 149 3151 
1 2 11068 9197 
2 4 3140 11174 70 9197 
1 5 11241 9323 6249 6326 3219 
1 9 306 3297 9253 9318 11369 274 3327 3391 6380 
2 10 3335 6252 9261 300 3236 3308 3377 6348 6414 6380 
2 5 6380 9348 6290 6396 6262 
2 5 9355 11368 11242 3292 6262 
2 4 3580 11244 9328 9355 
2 4 3580 6543 6481 418 
1 4 418 11397 3557 11504 
1 6 11504 559 9519 11530 9543 11557 
2 4 3452 6451 9433 11437 
1 9 3686 705 3722 568 737 3573 588 11422 11437 
2 5 11437 453 486 3466 6474 
2 4 6474 9446 11434 9417 
1 6 6474 3479 502 6530 3531 418 
2 14 3672 9647 11614 685 11633 714 9694 735 9709 6781 3765 9744 585 9417 
1 5 3765 3752 3734 3760 719 
1 3 3672 6689 3668 
1 6 3668 4463 7624 4458 7495 7661 
1 7 1599 1539 11674 1610 11704 1536 7661 
1 5 1599 6671 3658 772 3653 
1 8 3668 6701 700 6748 3726 6758 11706 9753 
1 9 9753 6620 11429 9455 6486 6516 520 11474 3529 
1 9 3529 6527 3505 9516 6544 11476 11459 11450 11434 
1 6 3578 3426 9460 6492 3465 9422 
1 10 3529 3555 3582 579 487 3539 9564 11408 3465 9422 
2 6 11476 3540 3567 3469 11475 3527 
1 7 418 9449 9518 11500 9489 9552 3527 
2 4 3527 413 6341 6398 
2 6 9422 471 11436 9312 9339 6398 
2 5 6398 9394 6230 6279 3356 
2 5 3356 9330 9395 9282 9348 
2 10 6380 301 11362 6316 9311 3202 6362 9360 9298 11344 
2 6 9422 3304 6328 6382 9409 9258 
2 6 9258 9286 6391 11324 11394 11344 
2 9 11324 3197 3334 6294 392 3382 11319 6226 11225 
2 13 6380 6283 9378 9278 9356 378 280 357 3268 3347 6295 6370 11375 
1 4 11344 6299 9389 11375 
2 9 11344 11277 3352 6374 6253 9259 3315 11387 6338 
2 5 6283 11236 9345 11205 121 
2 9 3140 172 9107 11165 11083 81 9207 6097 9131 
2 12 9131 2996 106 9222 6112 196 3017 11158 9065 3146 6171 6124 
2 6 121 9122 11099 2 9168 2996 
1 6 70 11059 9190 6057 3084 11159 
1 9 11159 3033 11092 11094 11212 6021 94 9195 3189 
1 8 3189 6029 3008 9162 6181 9201 11117 3134 
2 10 6124 272 359 3363 9293 12203 7346 390 4372 7375 
2 7 6338 260 9336 3251 3300 6388 6278 
2 5 1821 7320 3280 11228 7375 
2 8 6278 7403 7431 7416 10286 12216 361 3280 
2 5 9292 12157 10329 12117 1278 
2 8 11225 11377 11256 227 12172 3289 273 1278 
2 8 11225 11348 338 3357 3330 6515 10299 12128 
2 5 12128 4322 1254 7341 10253 
2 7 10253 12294 1314 4227 7354 4300 7243 
2 7 7243 4638 4578 4636 10366 10148 1459 
2 4 1459 11687 4629 1554 
1 5 1554 10470 1649 8099 12333 
1 4 12333 4599 7563 7477 
2 5 9292 1233 12287 10133 1821 
1 3 9292 1327 1292 
1 5 1821 307 12102 10189 4824 
1 7 1292 1775 1694 7874 10568 1709 10696 
1 6 1709 7800 10670 9512 7846 4824 
2 6 10696 12679 1733 1860 7825 7274 
2 8 7274 4866 7757 12631 7886 10712 12563 12691 
2 9 4797 12540 10661 10549 4750 1813 7841 12621 12691 
1 10 4797 1727 10543 1762 10528 4766 12507 1672 7786 4677 
1 9 4677 10559 12543 7785 7851 10678 12657 7763 4725 
1 6 12189 12261 12678 7801 10655 4725 
1 11 12189 739 10466 11643 6686 9639 11765 6684 9926 6989 957 
1 4 3151 3060 9100 9206 
1 5 9206 11162 3050 6150 3187 
1 4 9206 11056 9183 9073 
1 6 11105 9129 11066 9167 67 9073 
1 4 11105 6108 9194 3083 
1 8 3122 11065 9038 63 3119 6047 3137 11066 
1 5 9073 11138 9056 11210 141 
1 3 9056 11033 3119 
1 7 3187 3030 9061 3068 9169 6146 11079 
1 5 141 6078 9104 3125 11079 
1 5 11079 9233 120 6212 11121 
1 5 11065 3172 66 195 11121 
1 5 11121 158 11081 11164 11125 
1 6 9279 11376 6120 11160 11327 11215 
1 9 11380 9393 6397 9406 9329 9251 11231 9300 11376 
1 6 9279 6345 9362 6412 3307 383 
1 5 11380 9308 11082 161 6050 
1 8 9308 6311 6188 3063 3375 3286 6331 383 
1 8 383 295 11070 69 147 11184 3171 6115 
1 9 6050 9149 3182 11091 3045 11147 125 9035 3108 
1 3 3108 205 130 
1 8 130 9088 182 118 11067 9220 9143 9108 
1 5 11125 9147 6125 6165 9108 
1 6 9108 3104 3054 11155 6206 101 
1 8 3108 9154 3162 11049 3111 6038 9139 3022 
1 6 9096 6151 11029 9204 9103 6115 
1 3 6115 9157 11028 
1 7 9157 27 11037 9047 3188 3114 122 
1 4 11028 9227 6118 3022 
1 7 6923 9862 11905 3893 3879 6895 9833 
1 2 9833 11829 
1 4 11829 11811 6871 3951 
1 4 9878 3983 909 3951 
1 5 3951 856 981 11898 9921 
1 5 6912 11778 9921 928 4112 
1 7 4112 7130 6992 3927 11796 11907 9878 
1 6 9878 3876 11860 940 9755 6807 
1 4 3951 3905 6908 11747 
1 4 11747 9844 6938 979 
1 7 11747 804 11844 3807 3870 6977 9777 
1 5 6807 9763 9830 6956 11746 
1 6 11746 806 3889 9893 9912 7620 
1 3 11853 6991 10472 
1 5 9777 3903 3935 9915 11881 
1 3 10837 10385 7602 
1 3 10837 1982 2065 
1 4 5005 7953 1922 2065 
1 4 8001 7994 10876 2097 
1 5 2097 12046 3795 1600 10106 
1 6 4111 7184 4550 1056 7140 12473 
1 2 4111 792 
1 4 7151 7170 4486 4111 
1 4 11976 4591 4574 7151 
1 4 7170 1065 1201 4206 
1 6 12049 1155 11979 4161 4088 4206 
1 3 3996 10073 11964 
1 3 3996 7164 4076 
1 3 3996 7011 12049 
1 3 3996 1068 10031 
1 4 10031 7144 11974 12044 
1 6 11999 1028 1064 12071 1151 12044 
1 5 2046 7989 10902 10745 8105 
1 3 12725 2003 2046 
1 4 2046 12881 12826 12806 
1 4 4108 4139 10023 7069 
1 3 7069 10070 7100 
1 4 7100 1194 10113 9945 
1 7 7100 10013 4097 1111 989 4116 7132 
1 3 1111 7215 12100 
1 7 4933 4154 7958 12018 3991 4150 7132 
1 5 7132 11923 1013 9964 1145 
1 7 1145 4131 7033 13077 7065 9976 12051 
1 2 12051 7081 
1 4 9943 1141 11953 12051 
1 6 11921 4129 7077 4163 1058 7081 
1 4 4129 7180 11969 9994 
1 5 2050 12900 8021 2025 4972 
1 5 10887 12005 4979 10173 12763 
1 5 2086 2032 2002 10772 10887 
1 3 10887 9084 8007 
1 5 2086 12868 10772 10066 9084 
1 4 8007 10898 7903 10735 
1 3 10735 8098 5105 
1 3 5105 8013 5075 
1 3 4110 7084 10735 
1 3 3456 10108 4110 
1 7 4110 1980 10847 4984 1908 2054 2086 
1 5 9975 1103 12886 4149 1908 
1 3 4132 7207 9975 
1 6 1349 7013 4187 7150 11952 9975 
1 3 9973 10751 4516 
1 3 5040 1377 12137 
1 2 9973 12137 
1 3 1377 4915 2086 
1 4 5040 5055 12777 12137 
1 4 5055 2005 1569 4516 
1 6 4245 10077 4644 7593 4544 4516 
1 5 2005 10471 1637 12452 7593 
1 5 4245 4062 4104 1101 10060 
1 5 4062 7220 1059 10358 12307 
1 7 10358 1538 10428 4513 12375 7574 10401 
1 5 10060 10116 12462 11978 10001 
1 5 10001 7372 4237 1228 7340 
1 6 10278 12180 10152 1430 4321 7340 
1 4 10278 7436 1268 10246 
1 3 7265 4416 10246 
1 4 1321 7288 1409 4416 
1 4 10278 1344 12734 8011 
1 6 12734 10808 8067 7363 10274 7447 
1 4 7447 7391 10190 7244 
1 4 8011 8100 10208 4278 
1 3 8100 4414 10756 
1 4 1344 7310 12779 10756 
1 3 10756 5104 8087 
1 3 5104 10324 1359 
1 2 10324 8087 
1 5 1359 12142 12182 10270 1349 
1 7 4278 12105 7250 12295 7232 12269 1349 
1 3 8087 1275 7340 
1 5 7013 4072 7177 10872 10030 
1 4 10401 12854 4883 10030 
1 6 10030 4950 11995 4953 5096 5040 
1 3 9991 12010 11968 
1 5 11968 9993 13208 12395 12366 
1 3 7455 10349 10389 
1 2 10389 12338 
2 5 10389 4616 7124 1609 10077 
1 5 4644 7662 7565 10443 10389 
1 3 4245 4204 4644 
1 4 1330 10154 10283 10344 
1 8 1330 12127 1417 12256 4626 12449 4585 1492 
1 4 1492 7562 10920 4425 
1 3 1403 4336 1417 
2 7 7408 10221 12173 10411 7353 7492 1488 
2 11 7408 1427 12122 12220 4388 1308 1281 12201 1394 12286 10156 
1 5 12299 10313 4424 4412 10297 
1 6 10297 1376 12215 1291 12144 10156 
1 6 4608 4390 10491 12293 12277 7642 
1 6 7642 4434 4621 7421 4406 7381 
1 8 1652 5175 12976 2191 12948 5197 5183 8186 
1 4 12910 10925 5225 8186 
1 5 7798 4776 12932 12918 12910 
1 8 7798 10553 7755 1667 1861 10682 4864 12406 
1 2 10682 7859 
1 9 12406 1537 10427 12377 5134 2114 8249 5211 5225 
1 7 12406 7520 10388 7471 10500 12451 7564 
1 12 7564 7535 7522 4481 12308 7651 10475 10487 12424 4560 12411 7566 
1 4 1454 12104 1431 7669 
1 4 4401 12232 7271 10162 
1 10 10137 10309 4379 1302 7280 12297 4397 10016 11936 1185 
1 2 1185 4075 
1 8 4075 12075 10075 12008 1114 4501 12282 1319 
1 3 10062 7108 1047 
1 4 1047 12095 1120 9970 
1 4 7199 7172 4083 3992 
1 3 3992 7653 1628 
1 3 7097 10517 7101 
1 4 7097 9999 4631 4619 
1 7 4619 7167 10462 10446 7568 7540 10364 
1 7 10364 12012 7508 4519 4547 5092 7418 
1 6 10364 7656 4010 7085 11973 7025 
1 7 7025 11973 10040 7094 1146 1099 11913 
1 3 11913 996 10076 
1 3 10076 10034 7014 
1 4 7014 12076 4042 7191 
1 4 7191 1096 7058 9974 
1 4 7025 12069 4037 1069 
1 6 1069 7055 4071 7089 4186 10000 
1 6 1069 10102 12093 11944 4137 10068 
2 4 10068 11761 4140 9843 
2 4 4140 1134 4032 4190 
1 3 4190 12344 1519 
2 6 4190 12062 7074 1139 9958 10364 
1 4 10068 12043 1052 3900 
1 3 9843 9776 952 
1 3 1052 900 6969 
1 4 6969 881 3955 952 
1 3 952 1590 11752 
1 6 11771 987 9781 11815 9835 3900 
1 6 6981 964 3783 6918 6851 1150 
1 4 6981 3970 3895 11771 
1 7 4052 9790 912 11835 945 6910 11771 
1 5 4052 11915 12040 7221 7125 
1 5 7125 10036 9981 10083 6928 
1 3 11977 7221 7125 
1 4 11977 10085 10110 11948 
1 4 4056 4086 1081 11977 
1 7 6928 852 9899 3803 3860 898 9897 
1 6 9897 3929 9883 6947 1567 4572 
1 5 11771 846 9831 930 4572 
1 7 11771 6893 1638 11903 12337 4561 4506 
1 4 4572 11744 7523 10433 
1 4 4506 1645 7526 10433 
1 5 3843 1571 12355 10503 10433 
1 5 9897 973 9766 3815 3843 
1 4 957 3977 6838 3843 
1 5 4506 1588 1847 7832 4725 
1 6 4506 12485 10638 7743 4719 4677 
1 4 12068 11959 7214 7186 
4 2 1182 9998 
2 3 7087 7157 9998 
2 3 7087 12072 10125 
2 4 1182 1097 11908 12007 
2 5 10125 7187 4069 10128 11908 
2 4 12007 998 10032 7187 
2 4 11960 1067 4172 7187 
2 2 7072 11960 
2 3 7072 12031 1136 
1 2 11960 1136 
2 6 12031 7212 11946 1092 10052 11985 
2 7 1136 9985 10055 1167 1191 7050 11985 
2 4 11985 1025 7110 9950 
2 6 4102 1183 12006 11925 4164 7110 
2 7 1182 4188 4100 7016 4118 1024 7169 
1 2 12007 1117 
2 6 1117 11930 4067 1063 3848 6994 
2 4 7169 12056 9807 6994 
1 2 6994 9859 
2 4 9859 3962 7532 10444 
2 3 10444 10512 12421 
2 4 4345 4417 10320 7433 
2 9 4285 4342 1619 12459 1282 12221 10174 10230 4417 
2 9 7433 1284 12291 4362 7379 12289 1424 7304 7361 
3 3 3778 4270 4345 
2 7 3778 6630 3605 3608 605 6797 3775 
2 4 11654 749 3763 3775 
2 5 3763 774 722 9667 6710 
2 8 6710 6769 9684 695 11641 9654 6713 9450 
2 5 6710 11656 691 11637 9654 
2 4 689 3685 9825 6890 
2 5 6890 882 3687 6707 11654 
2 2 9450 12357 
2 7 12357 12456 1560 1831 4664 4807 1866 
2 7 12456 10341 1760 10526 3699 1719 1866 
2 4 1866 6752 10618 3719 
2 4 3719 1752 10709 4759 
2 4 4759 7883 4863 10624 
1 3 10624 10593 4860 
2 9 4860 12572 4857 7880 1767 6722 12566 1836 1752 
2 9 4860 11712 7779 6742 3781 4778 12673 4747 10327 
1 9 10593 1857 1854 4838 1832 10693 10198 1320 10327 
2 3 10327 12214 7315 
1 5 7315 7414 10157 4428 1408 
2 6 12211 3513 7255 7442 7386 7315 
2 3 4274 4328 3513 
2 4 3588 4331 4347 4274 
1 4 3588 6665 10151 4274 
3 4 9713 9697 768 3588 
3 4 9713 6699 3677 9671 
2 4 4518 6876 6694 6699 
1 4 1562 7517 11757 9814 
1 3 9814 10483 10387 
2 4 10387 941 9911 4518 
2 4 7986 823 12303 10387 
1 3 7986 12374 1562 
2 4 10387 4657 4799 11814 
2 4 11814 1793 853 3834 
1 3 7986 10783 853 
2 4 853 7747 6897 10573 
2 4 6897 7821 850 11814 
1 5 10740 12791 5044 7920 3834 
1 5 10740 4955 12728 2019 12782 
2 4 10337 12341 1927 12782 
2 5 6785 2042 4884 12410 10337 
2 4 1927 5022 10861 3960 
2 4 10337 10504 10861 3960 
2 6 10337 1500 12313 4507 4535 7552 
2 4 7552 1453 1643 1528 
2 3 3960 9829 5001 
2 5 1528 12486 4577 6968 9829 
1 2 1453 10449 
1 3 7552 7524 4464 
1 3 4464 7668 7480 
1 3 7480 10520 492 
1 3 492 7422 12735 
1 4 10449 10410 4510 1646 
2 5 5001 1503 7543 4444 1646 
1 3 1646 7464 7797 
1 6 12735 1587 11717 10753 10615 7797 
1 4 12735 5059 10824 12501 
1 2 10615 10824 
1 4 492 860 7583 12384 
1 3 12384 968 10909 
1 4 12735 12803 1758 10909 
2 6 1572 12353 12325 12498 7583 12384 
1 6 1843 9834 12752 866 12439 1572 
1 3 7388 1584 1572 
2 4 1572 12381 1480 11975 
2 3 11975 1547 7202 
2 5 7202 10029 7012 4491 7138 
2 6 12384 638 10394 1485 7527 4491 
2 4 1132 12054 7083 7138 
2 8 7202 10047 11927 7083 7045 11783 6943 788 
1 3 788 11738 10412 
2 6 7138 10081 12445 3925 11841 10412 
1 4 10412 6846 11892 3957 
2 5 3957 873 11873 10343 7646 
2 5 7646 7588 6971 12637 9727 
1 3 9727 1582 913 
1 3 913 7791 10909 
2 4 3957 6984 3824 6845 
2 4 6845 11799 3863 6882 
1 2 6882 3878 
2 4 3878 6911 9850 9832 
2 2 9832 6732 
2 7 6911 3806 11665 10381 11662 7345 4345 
2 8 11654 734 3733 3747 6717 1436 11722 11665 
2 8 6845 3824 822 3847 11758 11769 11789 11800 
2 6 11800 6850 9808 3829 827 6855 
1 2 689 11637 
2 6 9808 6874 3853 659 3872 689 
1 6 6855 11760 11776 831 9796 1595 
2 5 1595 7551 4437 9682 9450 
1 4 9727 1445 4527 1595 
2 9 3957 951 6958 3941 3975 10441 7547 4452 1445 
1 7 9727 12568 12709 6696 1881 10448 1595 
1 4 6696 6974 12670 12501 
2 6 1595 12437 1604 7626 12305 4569 
2 5 7626 12697 720 7611 9682 
2 5 4569 12346 12463 10370 1534 
1 3 1534 1564 10717 
2 4 4569 1621 12361 10717 
2 9 12586 9892 1678 1586 7539 10393 6737 12368 9450 
2 9 9450 12312 11589 9910 7306 12418 1770 10666 12586 
2 9 12361 7607 12365 4590 1527 10339 6737 11589 1560 
2 3 1534 2043 1806 
2 4 1534 9802 4811 4740 
2 5 10717 7834 1352 7892 4740 
1 3 10798 7904 1806 
1 3 10798 11802 4740 
2 5 3960 2082 8025 1618 1806 
1 5 7797 7615 4540 4449 4569 
2 7 3960 9920 5085 4919 3972 12893 9908 
1 3 4919 9822 10798 
2 5 9908 12624 4586 10340 4740 
2 3 3972 10702 11802 
2 4 12893 9773 12720 10740 
2 3 4975 1972 10573 
2 4 12791 3883 12684 4975 
1 4 4975 12552 10642 12627 
2 3 12627 10588 1827 
2 3 4586 1738 12627 
1 3 4586 12024 7892 
2 8 1352 12513 1753 10532 4871 12570 12642 1827 
2 3 1827 7780 4723 
2 6 4723 4749 7840 12516 1683 12586 
2 6 4723 10640 12561 12633 7888 12535 
1 3 4865 10582 12535 
2 6 12627 868 7684 1756 4668 4865 
2 8 4865 1663 10591 7827 12399 4607 710 9713 
2 4 12535 1789 10556 9616 
2 6 9616 7721 4826 1414 7398 4328 
1 7 1747 3750 12620 12667 12577 7536 4807 
2 5 3778 3635 3661 10249 6510 
2 11 6510 1299 4869 1782 12701 7794 13094 11571 4875 1873 4872 
2 10 6510 9480 7366 4869 1782 777 10718 4775 7899 11571 
2 5 4872 12145 3721 1788 12603 
2 3 12603 10611 4739 
2 5 3721 12593 12663 10611 4739 
2 5 10611 11440 10684 3706 7787 
2 5 4739 9669 6726 515 3010 
2 6 1408 4413 7853 4877 4765 7787 
2 4 3010 6754 1347 4877 
1 4 10830 12745 8097 10740 
1 4 4908 10765 8012 3834 
1 4 8057 1945 4977 4908 
1 3 10830 12850 8003 
1 3 8003 7973 12835 
1 5 12835 2060 5061 6987 12782 
1 4 6785 12369 10769 5015 
1 2 12835 5015 
1 4 12835 12721 2083 4956 
1 2 4956 5021 
1 3 5021 13088 12721 
1 3 4956 12804 10172 
1 4 12804 7921 10853 8003 
1 4 10172 5052 2008 2011 
1 3 1965 2011 4956 
1 4 1965 4887 12755 13089 
1 2 8032 13089 
1 5 13089 12746 12873 10895 8057 
1 3 1965 8089 12810 
1 4 12753 8236 10773 12810 
1 3 10886 10842 12753 
1 5 2227 5168 10967 5182 10998 
1 2 10946 8143 
1 4 10980 2185 8148 7476 
1 5 10980 8190 12996 2153 10999 
1 5 10980 5172 10432 5112 10513 
1 5 10513 10360 12438 7636 12977 
1 5 7636 12937 2181 10959 8189 
1 4 10513 5167 7553 8181 
1 8 8181 5156 1529 5110 1585 1598 4589 4604 
1 4 10447 12396 1542 1529 
1 4 10362 12481 1641 4604 
1 6 12364 12351 10515 12453 10943 8187 
1 2 12351 7500 
1 3 7500 10985 12942 
1 6 7500 2172 5213 2208 5143 8216 
1 6 8215 5219 7550 10375 10390 12351 
1 3 8215 10992 650 
1 5 12364 10402 12394 12409 1639 
1 2 12394 10418 
1 4 7621 4573 1555 12364 
1 4 1639 1596 12998 10935 
1 2 650 8222 
1 4 650 5191 8194 5228 
1 4 5228 11000 5171 12994 
1 4 12994 8231 8217 5131 
1 3 8222 12984 5121 
1 2 2210 2182 
1 3 8252 5051 12798 
1 7 1550 7546 4476 10374 7451 10498 7622 
1 2 13250 12766 
1 6 8216 10965 10944 5229 5179 12930 
1 4 12930 10952 13195 5230 
1 2 5131 10952 
1 2 13086 13195 
2 3 9496 3207 3312 
1 15 13278 13361 5214 13328 13329 13332 13334 13323 13355 13359 13356 13358 13336 13353 4980 
1 4 2226 13280 13279 13278 
1 16 13334 13349 13351 13348 13322 13343 13352 13342 13344 1979 13327 10849 10736 8024 7968 8113 
